0 0.384420 0.826786 0.196875 0.317857
0 0.795000 0.875000 0.410000 0.250000
0 0.930937 0.716964 0.138125 0.266071
0 0.820357 0.750000 0.257143 0.242857
0 0.484196 0.657143 0.216964 0.200000
0 0.620134 0.608036 0.183482 0.226786
0 0.526384 0.491964 0.183482 0.166071
0 0.371027 0.544643 0.151339 0.117857
0 0.275937 0.572321 0.097768 0.116071
0 0.146696 0.819643 0.219643 0.260714
0 0.135982 0.658929 0.139286 0.117857
0 0.139330 0.568750 0.132589 0.094643
0 0.149375 0.487500 0.109821 0.092857
0 0.326161 0.440179 0.160714 0.098214
0 0.245804 0.429464 0.101786 0.116071