1 0.121518 0.558036 0.179464 0.098214
1 0.276875 0.604464 0.184821 0.076786
1 0.409464 0.458036 0.139286 0.080357
1 0.426875 0.571429 0.141964 0.100000
1 0.527321 0.539286 0.160714 0.121429
1 0.606339 0.477679 0.190179 0.105357
1 0.630446 0.627679 0.152679 0.123214
1 0.734911 0.665179 0.152679 0.083929
1 0.904286 0.869643 0.191428 0.178571
1 0.741607 0.533929 0.171429 0.117857
1 0.846071 0.497321 0.133929 0.098214
1 0.935089 0.520536 0.129821 0.087500
1 0.840714 0.575000 0.219643 0.121429
1 0.303661 0.314286 0.115179 0.085714
1 0.378661 0.227679 0.115179 0.080357
1 0.381339 0.333929 0.099107 0.075000
1 0.504554 0.269643 0.077679 0.067857